0.775841 -0.641131 
-0.369374 -0.465968 
0.117287 -0.389458 
-1.299430 -0.501486 
1.493706 -0.575275 
0.608083 1.439225 
-1.032345 -0.440580 
0.383224 -0.205078 
0.817302 -1.115505 
-0.503595 0.151439 
1.970475 1.664175 
0.428116 1.510462 
0.068711 -0.013584 
-0.320868 0.102050 
2.474001 0.445769 
-0.338447 -1.706193 
-1.080694 1.256699 
1.301344 -1.496498 
0.388226 -0.073859 
-1.969687 -1.403210 
-1.407915 0.002620 
-0.547113 -0.854356 
-1.197502 -1.007154 
0.566987 0.237071 
-0.465537 -0.103824 
1.320586 -0.312950 
-1.845948 -0.600906 
-1.186995 -1.190890 
0.618360 -0.685807 
1.707119 1.126956 
-1.195333 1.014048 
-0.536642 -0.927596 
-0.189711 -0.148879 
1.197520 -0.208402 
0.453386 -1.285126 
0.687452 1.302988 
0.457113 -1.118102 
-0.481749 -0.057460 
-0.298850 -0.828395 
1.805555 -1.467402 
-0.441398 -0.473215 
-1.504338 0.048416 
0.467396 -1.412745 
1.990966 -1.333641 
-0.541658 0.236251 
0.216157 -1.035850 
0.189374 -0.949032 
1.444892 -0.982149 
0.083610 0.622898 
-1.616665 0.192308 
-1.403392 0.497966 
1.942445 -1.098286 
-1.530735 0.588753 
-0.366439 1.562404 
-0.495616 -0.948984 
0.122837 -0.972754 
0.522651 -1.753658 
-0.238115 -1.031838 
-0.233290 1.879293 
-1.443368 1.230535 
-0.735864 0.342014 
-0.171001 0.862135 
-0.812262 -2.034395 
-0.802260 2.118512 
1.242479 -0.568581 
-0.250020 -1.796363 
1.279902 -0.372045 
0.014183 -0.175887 
0.000658 -0.168429 
-0.610368 0.357000 
1.723413 -0.209425 
0.333959 -0.242573 
1.396780 -1.286761 
-0.832516 0.336723 
-0.418474 0.934501 
-0.285772 -0.087907 
0.989060 -0.160375 
-0.234815 -0.444815 
-0.278160 0.671636 
0.243298 -1.138490 
0.461924 0.871963 
-0.004865 0.499557 
-0.123916 2.280545 
0.122408 -1.165023 
0.091268 1.108032 
-0.843058 0.258630 
0.708280 -0.128478 
0.091585 -0.825268 
-0.169772 0.371206 
1.140362 -0.997412 
0.764336 -1.780802 
0.467092 1.318481 
0.770309 -0.452611 
0.557585 0.701071 
0.810371 -0.040302 
0.211466 -0.754027 
-0.086623 -0.634007 
-1.932755 1.320488 
-0.849073 1.003289 
1.583147 -0.765651 
-1.191273 -2.160111 
-1.034922 -0.572295 
-0.596772 -0.367731 
0.642409 -1.120448 
-1.455522 -0.373976 
1.394934 0.654781 
0.095498 1.045415 
-1.898277 1.734159 
0.379576 0.452496 
-1.404249 -0.057086 
0.613422 1.073147 
-1.704373 0.007454 
-0.340964 -0.541366 
0.076421 -0.959224 
-1.527068 0.547774 
0.443100 -0.680788 
-0.793066 -1.834687 
-0.037219 -2.001733 
-1.446381 -0.237478 
-0.628221 -0.186294 
0.643692 0.274810 
0.637151 -0.023920 
-0.884923 -0.985606 
1.970038 0.424002 
-0.386697 -1.244388 
-0.374572 -0.299289 
-0.506575 0.653822 
1.236920 1.370353 
0.069225 -0.726772 
-1.774735 -1.611041 
-0.158749 -1.170679 
-1.417377 -0.629974 
1.044018 1.329634 
0.449063 -0.226152 
-0.330072 0.444998 
0.327638 -0.912688 
-0.005880 0.583348 
0.649021 -0.333290 
0.713108 -0.893907 
-2.017033 1.018152 
0.139058 -0.651738 
0.374411 1.727619 
-0.206113 -1.060053 
-0.028748 0.433280 
-0.632494 -0.299453 
1.249691 -0.897064 
0.669019 -0.894765 
-0.004712 -1.590640 
-0.873223 0.905931 
-0.216029 -1.226974 
-0.444472 -0.569823 
0.515539 -0.524489 
-0.767130 -0.537294 
-1.102564 0.667887 
2.008684 0.100015 
0.675657 -0.828242 
-0.711766 -0.046619 
0.148739 -1.000694 
1.409734 1.127718 
0.715901 -0.165706 
0.148787 0.442525 
0.689982 0.575370 
-0.405339 -1.658213 
-0.971775 1.515025 
0.574566 1.117545 
0.161337 -1.031439 
1.000509 -0.625682 
0.474619 -0.079262 
0.266781 1.695996 
0.976990 0.183463 
0.027558 -1.128480 
-1.225882 -0.877686 
0.544429 -0.226461 
0.472194 0.170739 
0.289750 -1.260376 
-0.598254 1.276973 
-2.410779 0.653431 
0.748694 0.032177 
1.560157 0.711688 
0.219822 0.067051 
-0.095635 0.726080 
-0.647163 0.792603 
-1.685790 -0.379991 
-1.160487 -0.081041 
-0.840976 -1.078071 
1.695338 -0.543926 
-0.461863 1.346267 
-0.471130 0.983200 
0.109905 0.740296 
0.106231 -0.772306 
1.914068 -0.138575 
0.398302 0.771757 
-1.326348 -0.612438 
-0.945721 -2.326181 
1.453170 0.298693 
1.779094 0.657719 
-0.349588 -0.040280 
0.193213 -1.257394 
-0.631070 0.452020 
0.253400 0.415592 
-0.475525 0.716883 
1.573946 0.449145 
0.954831 -0.513495 
-0.180823 1.693437 
0.825135 1.080157 
2.253947 0.442656 
1.773265 -1.828143 
-0.726517 -0.171589 
0.556227 0.722184 
-0.244344 1.751335 
0.523235 -0.225206 
-1.236913 1.735537 
-2.267100 -1.254651 
-0.610195 0.544089 
-1.137049 0.556025 
-0.080934 0.511402 
0.120069 -0.688188 
-0.826247 1.186541 
-0.105063 -0.459229 
0.419096 -0.795548 
0.090816 0.494675 
1.357929 -1.075058 
1.375129 -2.510550 
-0.136506 1.143337 
0.046671 0.771387 
0.454546 -0.567320 
2.156997 -0.168078 
-0.372806 -0.252914 
-0.344211 0.270632 
0.645974 0.353349 
2.571586 0.678814 
0.945082 1.027008 
0.208932 0.370760 
-1.730288 3.474682 
-1.001526 -1.128155 
-0.539317 0.268096 
-0.835048 -0.929564 
0.896530 0.519100 
-0.216288 -0.659501 
1.543689 1.018026 
-0.455728 0.704066 
0.068778 0.555106 
-1.144771 0.710315 
-1.303716 0.500311 
-1.110680 -0.496449 
-1.258272 -0.835633 
-1.079152 0.909496 
1.270107 -0.278245 
-0.943373 -0.746924 
0.842139 0.596893 
-0.803632 -0.938802 
0.677102 1.202025 
0.400950 1.287678 
-0.900239 -1.302711 
-0.047125 -2.134964 
1.279626 1.102725 
-0.718862 1.622251 
-1.079647 1.546562 
-2.569711 0.272881 
-2.192376 0.042674 
-2.689306 -0.811641 
-1.230871 -0.779487 
-0.871168 -0.954623 
-0.869940 1.919987 
-1.323465 -0.905341 
-0.017336 -0.825026 
0.645255 0.493107 
-1.676316 1.753508 
1.622984 -1.566479 
-1.146628 -1.663981 
-1.228023 0.960370 
0.049239 -0.668377 
-0.228180 0.491023 
0.638883 1.086913 
-0.187417 0.702800 
-0.915957 1.449172 
-0.424728 0.239083 
-1.128942 -0.145039 
1.307085 -1.089987 
-0.901509 -0.425942 
0.866108 -0.976821 
-0.533392 1.115830 
-0.174328 -0.950783 
-1.177773 -2.071909 
1.229367 -0.329068 
0.053308 0.793333 
-0.803865 1.216388 
-0.681727 -0.286566 
0.208762 -0.148064 
0.207055 -0.863149 
-0.750568 1.662211 
0.292319 -1.158245 
-0.004339 -0.435447 
-0.038609 1.932633 
-0.028951 1.045213 
-0.749930 -0.243977 
-1.178511 0.522203 
0.662138 0.734878 
-1.193244 -0.187053 
-0.964499 -0.188004 
0.185836 0.346767 
-1.159769 0.825916 
0.129517 0.331155 
0.500796 0.993024 
2.473422 -0.718319 
1.845585 0.082882 
-1.952409 -0.570735 
-0.511984 -1.499396 
0.434227 -0.396042 
1.883965 -1.156669 
0.281230 0.032616 
-2.252110 0.446302 
0.255531 -0.849905 
-0.273153 0.099148 
-0.494643 0.973984 
2.403034 -0.157279 
0.035703 0.178657 
-0.402501 -0.415064 
0.941818 -0.358741 
-0.032956 -0.479674 
-0.547820 -1.832092 
1.314891 0.913381 
1.153202 -2.172850 
-0.495732 1.090333 
1.044279 0.010749 
-0.360113 0.102109 
0.131615 -0.465756 
0.803306 0.157258 
1.129308 -1.004558 
1.161511 0.307635 
2.172844 1.731574 
0.922613 -1.039554 
0.750854 0.409542 
-0.915305 -0.798277 
-0.626579 0.422753 
1.098166 1.343433 
-0.766977 1.570626 
0.995245 1.004133 
-0.666038 -0.076440 
0.656865 -0.300773 
0.427734 -0.838902 
-1.131905 1.460847 
1.784219 -0.302039 
-1.128800 -0.072841 
0.447779 -0.104650 
-2.268452 -0.208267 
0.901915 0.222209 
-0.564516 -1.640569 
0.850913 -0.309923 
-0.815621 0.262067 
-0.068020 -0.784025 
0.063316 -0.076684 
-1.007187 0.631970 
-1.306021 0.177664 
-0.347495 -0.228706 
0.469842 -2.420602 
0.733612 -0.375709 
2.055445 0.195885 
-0.265688 -0.572404 
-0.204163 -0.129246 
-4.097137 -0.514290 
-0.372181 0.519155 
0.020071 -0.158816 
-1.273740 0.811347 
0.048925 -1.771450 
-0.046980 0.094501 
-0.068546 -0.910353 
0.706534 0.871641 
2.286621 -0.804199 
-1.524689 -1.103496 
0.357914 -0.414023 
-1.037412 -0.430656 
1.969058 0.898250 
0.546299 2.434713 
0.325238 0.848306 
0.261524 -0.230196 
-1.751760 1.401010 
-1.474424 0.953763 
0.060722 -1.283493 
-1.348990 -1.042092 
-0.816889 -0.424386 
0.171391 -0.368713 
0.003481 -0.751412 
-0.185835 0.646842 
1.132849 0.195507 
-0.048642 -0.748837 
-0.615317 -1.313119 
0.919543 -0.032993 
-0.537450 0.315264 
-0.274547 -1.510715 
0.872005 1.556246 
-0.151393 1.138379 
-1.272725 -1.354803 
-0.149331 1.816748 
-0.685995 1.200252 
-0.177160 -1.368154 
2.446845 -0.288707 
-0.918357 -0.604751 
1.141455 0.561142 
0.310244 0.197653 
0.266901 -0.603957 
-1.895091 -0.617679 
-0.208450 0.087854 
-0.493023 -0.695816 
0.075378 0.175975 
-0.836004 -0.333824 
1.597005 0.567408 
0.541327 -0.137394 
-1.852794 0.751793 
-0.676753 0.422778 
-0.660029 -3.054867 
-0.189159 -1.233914 
0.248005 0.701863 
-1.175906 0.397923 
-0.699660 -0.437804 
0.043902 1.481011 
1.825908 0.000340 
-0.918010 0.334260 
-0.553449 0.074260 
-0.288440 0.320937 
1.382775 0.805351 
0.010088 0.737993 
1.455970 -1.460766 
0.316673 -0.105722 
-0.002788 0.503338 
0.816967 0.132453 
-1.527695 -0.501879 
0.335325 0.929603 
-1.018809 -0.546848 
0.493778 -1.277247 
-1.456789 0.077336 
-1.109559 -0.193467 
-1.784749 -3.021942 
0.835864 -0.489446 
-0.127071 0.423592 
-0.485156 -0.501635 
-1.407271 0.434358 
-0.363481 0.196384 
1.290631 0.144901 
0.278345 0.016673 
-1.300689 -0.513650 
0.798237 -0.474680 
-0.595213 -1.649569 
-1.190379 -0.942019 
0.049301 -1.437882 
-0.717207 -0.617813 
-0.542540 1.229666 
-0.065659 0.468676 
-0.204138 -0.296446 
-0.721719 1.000167 
-0.915288 -0.641543 
0.026902 0.353870 
0.049936 -1.733482 
0.483927 0.352893 
-0.178851 -0.047763 
0.812016 0.047913 
-2.141363 0.657701 
-1.252058 0.243976 
-0.665096 -0.332307 
-0.410684 0.731772 
1.288713 -1.660959 
0.376209 0.687291 
-0.170243 -1.441638 
1.568530 1.949200 
0.589117 0.620809 
1.087596 -0.799844 
0.244238 -0.449670 
-0.460583 -0.879132 
-1.590099 -0.689883 
1.077345 -0.914629 
-0.558340 0.713350 
0.373228 -1.125246 
0.987828 0.582647 
-1.408751 1.141755 
-1.813216 0.337188 
-0.918341 2.233443 
-0.600266 -0.407509 
-1.595851 0.723431 
-0.015911 -1.159050 
1.130161 -0.263259 
2.089664 -0.717699 
-0.495363 0.335370 
-0.929668 0.869959 
-1.191815 -1.039045 
-0.538968 0.210840 
-1.626214 0.280997 
-1.275277 -0.969825 
-0.839350 -0.952407 
-1.700760 -0.185962 
-1.321146 -0.479563 
0.351293 0.176922 
-1.226887 1.325988 
-0.867631 -0.613673 
-2.555173 -0.428954 
-1.069897 -0.268622 
-0.678360 -0.717065 
-0.999984 1.262804 
-1.001455 -1.499594 
-0.376807 0.434054 
-0.720147 -0.498115 
-0.594214 0.427722 
0.864057 0.314305 
0.854758 1.012908 
1.191962 -0.131665 
0.485674 0.259726 
-1.170061 0.081337 
-0.991215 -1.552661 
0.706737 -1.453106 
1.810408 -0.766159 
0.941962 -0.577116 
1.170733 -0.998573 
0.631747 -0.728181 
0.709354 -0.553433 
-1.274711 -1.855977 
0.392918 1.228472 
0.674258 1.165299 
0.532609 -1.141963 
0.511663 0.131872 
0.099450 1.294473 
0.271936 0.985399 
-1.626564 2.319809 
-0.145896 0.019855 
-0.670260 -1.653564 
-0.077797 -0.597445 
-0.828946 0.590027 
-0.301149 0.277911 
0.369224 0.030941 
-1.696477 -0.724208 
-1.402001 -0.523046 
-0.647784 -1.149764 
0.199861 -0.375454 
-0.925191 -0.747859 
-0.184321 0.809295 
-1.248303 -0.273132 
0.399994 -1.498262 
-0.910318 -0.227433 
0.431836 0.622308 
2.236629 0.948030 
0.288027 0.726323 
-1.121536 -0.349048 
-0.728393 -0.397136 
-1.544739 -0.137337 
0.550175 0.371263 
1.951295 0.839652 
-1.680127 -0.488684 
-1.059332 -0.661880 
-1.964146 1.700377 
1.005911 -1.145846 
-1.126543 -1.307726 
-1.082255 0.404938 
1.096935 0.423002 
0.909593 1.216562 
-0.802543 -0.946925 
0.720655 0.880391 
0.238247 0.272447 
-1.683060 0.000571 
-2.767518 0.763521 
-0.964279 -0.000394 
0.795396 1.656673 
-0.474265 -0.323879 
0.722009 0.281911 
0.726008 -0.671629 
0.823431 0.692111 
-0.419575 1.733670 
-0.336772 0.585279 
-1.835025 -1.019096 
-0.184899 -1.182360 
-0.117737 2.853848 
-0.249326 0.121565 
0.451607 1.461632 
-0.542941 0.313545 
0.490300 -0.364593 
0.155785 1.412724 
0.473227 0.743201 
-0.759308 -0.300812 
-1.304273 0.282472 
-0.691972 -0.245357 
-0.393902 1.855583 
-0.343134 -1.162813 
0.257444 0.292639 
-0.040957 0.090848 
-0.024887 -1.757450 
-0.637198 1.119286 
-1.727661 -1.456048 
1.125595 0.256429 
-0.192936 0.995304 
0.219409 -0.913537 
1.525408 0.185277 
0.417205 1.715415 
0.989513 -0.643907 
-1.067891 -1.412177 
0.750242 0.379702 
0.049723 1.077908 
0.879406 0.630305 
-0.225275 -0.042430 
0.369791 -0.241246 
-0.285785 -1.230247 
0.010610 -1.024988 
1.247157 -1.345644 
1.233256 1.198641 
-0.562223 -0.705814 
1.429364 -0.530602 
1.428754 0.757939 
0.442427 -0.780877 
0.085589 0.309891 
0.179353 -0.492714 
-0.525761 -0.073699 
0.155333 0.873380 
0.569304 0.642535 
-0.765237 0.802235 
0.764067 0.753945 
0.111771 -0.385741 
0.850389 -2.206479 
0.956540 -0.746736 
-1.018412 1.972963 
-0.158584 1.057130 
-0.652456 1.178745 
0.731261 -1.979594 
-0.094912 0.252038 
0.737020 -1.486588 
1.075885 -0.239570 
0.708931 -0.274594 
-0.016312 0.009176 
-0.315909 -0.090381 
0.944315 0.329670 
-1.248902 0.361754 
0.773159 1.637152 
1.657018 -0.052028 
0.738497 -0.204596 
0.157372 -0.289592 
-0.329427 0.623484 
0.502114 -0.202855 
-0.380913 -0.866380 
0.200689 -1.276528 
-0.422064 0.043590 
0.135943 1.807714 
-0.226380 0.756720 
-1.030116 0.232875 
0.794726 0.690006 
0.689630 -0.776200 
-0.256492 -1.139219 
0.763526 -1.170439 
0.524381 -0.500016 
0.969421 -0.614179 
0.549898 0.666030 
0.907518 -0.142313 
0.827931 0.447179 
-0.485630 -0.812279 
-1.083021 -1.330621 
0.206989 -0.289967 
-1.688917 0.444675 
-2.198466 0.997291 
0.128194 -0.999030 
-0.177827 -0.551957 
1.405176 -0.173315 
-0.480131 2.609133 
-0.768469 1.163809 
0.643755 0.643973 
1.540542 -0.067826 
-0.954995 1.124632 
-0.811044 -0.296993 
-0.212944 -0.671651 
1.225164 0.188703 
-0.871087 -0.366320 
-1.343496 1.147192 
0.464174 -1.392199 
-0.804297 -1.358907 
1.536988 -1.103931 
-0.818557 0.495117 
-1.642686 -0.523145 
-0.580754 0.510799 
-0.389990 1.022690 
-1.586352 0.343062 
-0.821157 -0.122763 
1.439883 0.345558 
0.150960 -0.522708 
1.035988 0.903310 
0.854663 -0.327546 
-1.417722 1.162211 
1.866464 0.579123 
0.363628 -0.461889 
-0.633903 -0.826897 
0.595853 -0.987462 
0.103536 1.153210 
0.305697 -1.695300 
0.227131 0.287465 
0.499533 0.929247 
0.298347 -1.020396 
0.182929 -0.446516 
-0.465909 1.580695 
0.396113 -0.589548 
2.382957 -1.060865 
0.287596 -0.177423 
0.145472 -0.350910 
0.585117 -0.442047 
0.470523 -0.676988 
1.269809 -0.926885 
0.109383 0.297982 
0.388872 -2.288580 
0.667376 -0.986318 
-1.124256 -1.357277 
1.333958 0.128219 
0.317605 0.230330 
0.536142 -0.694076 
1.587604 0.592017 
0.320611 1.490382 
-0.334103 0.015329 
0.529920 0.078728 
-0.873403 0.194448 
-0.668254 -2.602299 
-0.198836 -0.309848 
-1.120324 -0.797512 
0.324492 0.285164 
-0.462020 -0.273731 
-1.359719 2.131189 
-0.473927 1.296294 
-1.113748 -1.033620 
0.899407 -0.132781 
-0.364725 0.285431 
-0.616265 -0.772637 
-0.039694 1.773864 
0.353986 1.306976 
0.632863 0.234931 
-1.391298 0.288449 
1.403656 0.722089 
-1.690247 -0.299023 
0.818487 -2.678622 
-0.467880 0.700015 
-0.481342 -1.140649 
-0.881546 -1.425353 
-1.637235 1.359994 
-0.466127 1.247729 
-1.331865 -0.818356 
-0.107137 1.090629 
0.887159 -0.552316 
-0.798180 -2.579331 
-1.036025 0.431600 
0.095751 -1.251806 
-2.048691 -1.293974 
-0.184382 -1.178646 
-1.676299 1.803813 
0.372251 0.044159 
-1.193842 -0.098060 
-0.526939 -0.164199 
1.878136 0.235001 
1.159480 2.084243 
-1.015144 -0.328035 
0.193720 -0.043694 
-0.487059 -0.528649 
-0.476050 1.328431 
0.382421 1.470319 
-0.396972 0.433283 
-1.504888 0.198572 
-1.119335 -0.071070 
-0.469417 -0.034390 
0.352482 0.462126 
0.072654 -0.592138 
1.017043 -0.043616 
-1.435549 0.187854 
-1.761424 -0.011183 
0.414444 1.322168 
-1.785713 -1.053501 
1.210114 -1.254556 
0.722437 0.382605 
-0.010062 0.323040 
-1.425995 -0.187047 
2.271820 0.159459 
-0.745394 -0.871853 
-1.058546 -1.048694 
2.944606 0.892090 
0.355436 -0.225674 
-0.072786 -0.649110 
3.109120 1.130470 
0.606773 1.270004 
1.805025 1.584358 
1.109528 -0.242194 
-0.862381 0.577496 
0.047392 -1.181765 
-0.188532 -0.529807 
-1.288718 1.150149 
0.032348 0.029743 
1.810037 -0.431021 
0.115225 0.456676 
1.043086 0.516430 
0.086925 -1.997994 
1.047255 0.442789 
0.811519 -0.454068 
0.075475 0.687307 
-0.627194 -0.579523 
-0.113544 2.446667 
0.914404 0.774072 
-0.181358 -1.121721 
-2.907974 -0.110399 
-1.421169 -1.305210 
0.229916 -0.997261 
-0.048963 1.511890 
1.585409 0.299438 
-1.485634 0.375039 
0.950400 -1.103708 
2.427757 0.689647 
2.632900 0.027915 
3.710967 0.569374 
3.593082 2.292443 
2.210118 -1.144528 
1.957469 -0.175791 
2.569301 -0.650044 
3.887571 0.183790 
5.977242 -0.891785 
4.039439 0.212102 
2.423023 0.372208 
1.558327 -0.159168 
1.350026 0.801266 
3.546130 1.741686 
2.866912 1.737790 
3.194651 -0.433396 
2.461368 -0.706867 
4.564692 -0.637553 
4.807895 -0.278677 
4.084736 1.797447 
3.645259 1.459665 
2.882531 -0.539512 
3.283181 -1.603487 
2.192879 -0.224512 
2.573656 -1.602760 
3.832904 1.105374 
4.831535 -0.933693 
3.496566 -0.184784 
1.972426 -1.195251 
2.158265 1.262952 
3.721805 1.023970 
3.179015 0.944863 
1.998150 0.394467 
2.661108 -0.325973 
3.699650 1.906825 
2.869167 0.472332 
2.792615 0.347829 
1.949122 0.910810 
3.298276 0.017933 
2.037235 0.541346 
1.891342 -0.796867 
2.561027 0.503272 
3.167773 0.414369 
4.360156 -1.096123 
3.694723 -0.050529 
1.613099 0.799338 
3.543822 -1.299055 
1.518582 0.280081 
4.682086 -1.401642 
3.481990 1.708539 
4.521222 -1.245815 
4.501874 1.191478 
5.096027 1.400506 
2.924753 -1.970587 
2.706789 -0.443447 
2.027286 -0.945323 
3.400545 0.520950 
3.108723 -1.956790 
3.252582 -1.615398 
2.336116 -0.509360 
3.861106 -0.634500 
2.472559 -0.516027 
3.154721 1.218228 
1.483682 -0.523234 
1.937101 -0.790011 
4.303555 1.560331 
2.533269 -1.673895 
2.459813 1.113562 
2.513787 0.976374 
2.990908 0.651501 
3.231739 1.435612 
2.553601 -0.772272 
4.609709 0.083866 
3.868326 1.401659 
2.524842 1.654554 
2.883139 0.098529 
2.482203 -0.517246 
2.294305 -1.492328 
4.070463 0.964460 
1.738439 0.074192 
4.556491 -0.606050 
3.226231 -0.033956 
1.833303 1.331179 
4.890345 0.461022 
1.836629 -0.850019 
0.975013 1.827120 
3.354934 0.005505 
3.584117 0.436979 
3.448848 -0.270553 
3.070983 -2.809835 
2.868766 0.148484 
2.829125 0.733725 
3.391816 -0.127734 
4.404918 0.252152 
2.860441 -0.122380 
3.142562 0.659234 
2.706792 -0.204007 
3.856831 0.977073 
3.107100 -1.080310 
2.938243 0.984420 
3.636279 2.136660 
2.940069 1.152007 
3.162780 -0.267416 
2.180373 0.181116 
1.647268 -2.285718 
3.085919 -0.760201 
2.378937 -0.026186 
1.046031 -0.987886 
2.658390 0.937119 
2.782317 0.872526 
4.446232 0.549858 
2.965334 -1.430981 
4.030300 -0.545786 
3.893350 0.748678 
3.412541 -1.315457 
4.097178 1.382075 
3.153699 -0.067120 
2.210608 0.877684 
2.629627 -0.218716 
2.678502 -0.480035 
4.025983 0.724999 
3.635041 -0.147526 
2.676075 -0.940941 
1.634753 2.313108 
2.777857 -0.664551 
2.634555 -0.564942 
3.150048 0.961018 
3.238167 -0.914075 
2.309113 -0.954464 
0.304545 -1.836899 
2.528956 0.119563 
3.186337 -1.323213 
4.082945 -0.067650 
4.278625 -0.106032 
3.292428 0.153902 
2.808558 0.828453 
3.816532 -0.322362 
2.527512 -0.244280 
2.926027 -0.031284 
0.448931 2.099117 
2.008646 -0.736524 
2.957024 0.106015 
4.063002 -0.432451 
5.346784 0.484493 
3.067731 -0.795442 
2.718963 0.684309 
3.613344 -0.592000 
3.913020 1.041404 
3.956987 1.363086 
2.504270 -0.354306 
2.551855 1.032514 
2.827348 0.982498 
3.857893 0.523498 
3.020432 -0.655719 
1.262752 0.629130 
2.213584 -0.404395 
3.197497 -0.382944 
2.063216 0.190385 
1.984793 -1.853178 
1.972045 0.938343 
5.056669 -0.761495 
1.222941 -0.695500 
3.865362 -1.289962 
3.398172 1.531507 
2.404574 0.572168 
3.213589 0.158351 
2.490489 -1.055215 
2.642550 1.714735 
4.751404 0.673786 
1.234271 -1.331335 
2.551803 1.146899 
2.296426 -0.302697 
3.499886 -0.419373 
1.336307 -0.433664 
3.128801 0.422518 
2.870783 0.636448 
2.963329 -0.979827 
3.552818 -1.571995 
3.287236 -1.367827 
2.695947 -0.361101 
3.028657 -1.049654 
4.037331 0.708999 
2.804137 -0.009242 
3.314502 -0.806869 
3.245856 -0.653213 
3.498290 1.134148 
2.047687 0.251134 
3.165012 -0.415022 
3.792010 -0.820989 
3.050260 -1.028229 
3.538884 0.355542 
3.346991 -0.079277 
2.023184 1.046821 
3.909135 -0.976455 
4.236471 1.116115 
3.248592 -1.181216 
2.717074 -0.143084 
4.393283 -1.746236 
2.183100 0.134782 
2.027884 1.234647 
3.843259 0.492139 
2.978278 1.809598 
2.598516 0.672873 
2.738642 1.456966 
3.092613 0.788627 
1.167428 0.213695 
3.915823 0.272891 
1.192718 -0.608851 
3.135818 1.914778 
1.915651 -0.616938 
1.812224 -1.049614 
1.815529 0.637268 
3.566489 1.773721 
2.933336 -0.422467 
3.911738 -1.318750 
3.963563 0.102154 
1.737670 0.134201 
2.947126 0.529807 
4.006237 -0.526619 
1.958207 0.635810 
2.429968 1.389472 
3.013977 1.012034 
2.677040 1.038537 
2.031319 -0.512340 
3.225303 1.095124 
2.779664 0.303114 
4.509861 1.969130 
3.645904 -0.716821 
2.183777 -0.137559 
4.468387 1.114595 
3.833307 2.094108 
3.418164 -1.454543 
2.981304 0.531139 
3.439336 -1.228249 
2.387726 -0.040578 
1.343287 -0.032560 
3.127632 0.867976 
4.477370 -0.703693 
1.448691 0.054594 
2.777205 1.167815 
2.866898 0.330823 
1.787602 0.741186 
2.645994 -0.284077 
1.345130 -0.649846 
3.836052 -0.242437 
1.622770 -0.045187 
2.313481 1.219688 
3.375035 3.090304 
2.760072 0.265697 
4.624640 1.581407 
5.240353 -1.450006 
1.915989 -0.404778 
1.768636 -1.307631 
1.811175 0.170411 
1.294644 0.964079 
3.470491 -0.021350 
3.646276 -0.481880 
2.627518 -0.005225 
1.816775 -0.870055 
3.386705 0.812967 
4.323442 0.460295 
2.579841 -0.658119 
5.707622 -1.732041 
3.711303 -0.375055 
4.014909 0.262768 
3.023144 -0.784502 
2.564264 -0.749135 
4.219568 -1.246786 
2.421747 -1.666147 
1.741337 -1.885854 
3.385655 1.479735 
2.898955 -0.569821 
2.345679 -0.220940 
3.279571 -0.165721 
4.391873 -1.077529 
5.004119 1.377373 
4.578783 0.693055 
1.581138 2.116373 
1.570865 -0.663216 
2.283142 0.169245 
1.359059 -0.818168 
1.121112 -0.697669 
1.878041 -0.283493 
3.725581 0.244182 
3.092662 -0.061401 
3.997564 -1.363723 
4.243233 2.449402 
4.932340 -1.766262 
4.095089 -0.491885 
3.359930 1.035391 
3.031221 -0.235013 
4.696254 0.322711 
3.644055 2.038977 
3.311311 0.359294 
0.622848 0.525192 
0.562922 0.515789 
1.859626 -1.455897 
2.352557 -1.791112 
2.841575 2.492933 
3.411773 0.081441 
2.327322 -1.766274 
2.133577 1.319860 
2.689505 0.281655 
0.696460 0.900959 
4.600187 -0.647620 
1.628821 -0.457094 
3.265781 -0.993789 
2.629033 -0.798176 
3.404000 -0.748740 
2.503290 -0.826341 
2.363380 0.280944 
1.974748 -0.240936 
2.221074 0.385264 
3.013351 2.331291 
2.580463 0.159020 
2.310195 -0.950426 
0.824967 -2.384303 
2.490518 1.081811 
3.291890 0.150387 
3.403280 -0.076024 
4.003122 0.627759 
4.213334 -0.473486 
3.579952 0.005214 
1.523372 -1.205835 
2.494239 2.441544 
4.595268 0.225662 
4.691431 -0.857488 
2.910545 0.259212 
4.177435 0.356378 
3.944247 -1.554604 
4.462481 1.019429 
2.010817 0.183409 
2.644114 -0.995928 
3.663700 -1.279737 
4.922500 0.022004 
4.924959 -0.060012 
4.437213 1.127252 
2.674054 1.009822 
4.610625 -0.314652 
4.690619 0.222416 
3.388285 -0.694637 
2.551796 0.658399 
3.193924 0.322954 
2.212639 1.324067 
3.584009 1.058153 
5.436620 0.305124 
1.021803 0.364558 
2.665811 0.306010 
2.325078 0.627798 
0.956191 -0.527663 
4.349926 0.809019 
2.763006 0.713610 
3.818255 1.068449 
2.652595 -0.033139 
1.919505 0.346180 
3.432714 0.438333 
2.142384 0.386755 
3.307303 -1.489392 
2.752692 0.060285 
4.664513 0.270881 
2.783427 -0.871205 
2.732116 -0.386394 
2.365348 1.051960 
2.967116 1.769514 
1.710352 -0.668517 
3.614359 1.378910 
2.442313 -0.218871 
2.523036 -0.256361 
4.619927 0.664190 
2.624517 -0.230870 
2.298162 0.113576 
4.951885 0.291439 
2.011194 0.434347 
2.319910 0.636117 
1.696312 0.187041 
1.368296 -1.323944 
2.080404 0.300117 
3.074421 -0.347199 
2.421356 1.852220 
1.950600 -0.763663 
2.265877 1.925803 
4.041584 -0.418807 
3.294624 -0.377105 
4.248277 -1.451836 
3.463029 -0.629013 
3.721013 -0.588293 
3.422687 -0.915696 
3.756366 -0.485496 
2.358995 -0.626510 
1.751800 -0.800300 
1.916674 -0.679615 
3.471578 1.328514 
4.255640 1.071069 
3.202139 1.445365 
3.582828 0.460047 
1.186182 1.259126 
1.435890 -0.685167 
1.981370 -0.646486 
3.479692 -0.663779 
3.051702 -1.117944 
2.852171 -0.863456 
2.577718 -0.866215 
2.603521 -0.274340 
3.056645 1.143594 
3.651601 1.435918 
4.107682 -0.036752 
4.084617 0.066270 
3.756989 0.352208 
3.008508 -1.415285 
4.407028 -1.400625 
1.651051 0.056135 
3.192584 -0.061940 
2.319665 -0.359994 
2.159659 -1.005153 
3.756289 0.679306 
2.968987 0.259383 
2.572657 0.272521 
1.651491 0.842200 
2.427622 -0.321562 
4.488423 -0.393831 
2.907847 1.534618 
3.547105 -1.501921 
5.202233 2.949316 
3.220733 -0.731772 
3.227907 -0.283241 
3.039207 -0.316582 
4.672266 0.627506 
2.478682 0.770542 
2.778038 -1.507302 
2.773980 0.747939 
3.457397 0.143941 
2.416378 -2.245635 
3.902119 2.405118 
3.390870 -0.769825 
2.981578 -0.477856 
2.959608 -0.572500 
3.330044 0.868544 
3.649692 0.623701 
2.301847 0.746092 
0.661865 0.372913 
1.743281 1.240126 
2.166829 -0.745568 
2.817139 -1.651017 
4.189700 0.653555 
1.578043 -1.377453 
1.722390 -0.474122 
3.236933 0.154161 
2.669632 1.268344 
1.839140 0.869798 
3.543728 -0.444846 
1.077370 0.089934 
3.131081 -0.331196 
4.174927 0.945736 
2.952672 0.290354 
4.712432 0.922154 
4.451279 1.864390 
4.941111 -1.481016 
2.438621 -0.861435 
3.998119 -0.761997 
1.605002 -1.013849 
3.335594 -1.668949 
2.587342 -1.210379 
3.270429 -0.524894 
3.412184 -0.705579 
1.724994 -1.986011 
3.701065 0.941074 
3.430376 -1.061003 
3.202468 0.698940 
5.625313 0.218448 
3.444561 0.910579 
1.786842 0.589365 
2.238092 -1.758927 
3.293478 -0.146197 
3.212781 -0.361001 
2.610691 0.644921 
3.265234 0.802900 
0.134250 0.526116 
4.375766 -0.858407 
3.764392 -0.060757 
3.838266 0.505395 
4.516161 -1.827540 
3.644450 -0.397268 
2.892775 -1.244372 
1.098252 -1.089678 
2.221575 1.285330 
3.307334 -0.402969 
2.644861 0.908266 
3.655544 -1.809029 
2.397286 -0.439459 
3.103718 0.533558 
2.186320 -0.123893 
3.520206 0.740666 
3.231741 -2.080882 
2.023192 2.011758 
3.414420 -0.654750 
4.464714 0.300971 
3.391571 -0.972599 
0.968023 0.970649 
3.172566 1.752015 
2.438845 0.475063 
1.061994 -0.919039 
3.325732 -0.417467 
4.343847 0.182434 
4.595791 0.325235 
2.277149 0.005626 
2.970289 -1.210025 
4.510911 0.619768 
2.926706 -0.100862 
3.519065 -0.086101 
1.857060 0.167197 
4.288400 -0.498855 
5.530846 -0.157793 
3.182994 -0.255654 
2.012415 0.012242 
2.365728 0.912013 
2.254365 2.182365 
2.904011 0.471852 
3.770381 0.065413 
2.324365 -0.923301 
2.790301 1.614872 
2.597427 0.931059 
3.206932 0.558055 
2.640369 -1.455628 
2.893753 -0.342677 
3.118843 -1.388841 
3.300026 0.127176 
2.677582 0.869631 
0.987214 -0.490503 
4.187848 -0.963176 
1.043808 -0.132124 
1.709038 -0.241971 
1.874419 -0.158498 
4.053660 -0.327807 
2.258789 -0.030051 
1.563079 -0.865389 
1.932181 -1.738610 
2.513699 0.654379 
2.924550 -0.341546 
4.071644 0.592235 
4.475963 -0.589319 
3.261730 -0.258452 
2.510853 -0.771502 
1.175554 2.153878 
2.868327 0.323048 
1.342786 1.164655 
4.465016 -0.249612 
3.006635 0.128791 
2.980639 1.786491 
4.047832 0.900459 
3.237641 0.837497 
3.691846 0.282591 
2.142892 1.444853 
2.551418 0.487688 
1.884992 0.923914 
3.201483 1.722747 
2.749176 2.180794 
1.394459 2.089686 
3.369673 1.221751 
2.844111 -1.454036 
2.302388 0.311995 
1.818320 -0.419837 
2.284982 0.397815 
3.321423 0.209388 
1.957753 -0.089046 
3.826103 -0.108545 
3.367399 0.347793 
4.354756 -0.651262 
2.831722 1.363447 
3.446091 0.395572 
2.549431 0.139472 
2.615228 0.142214 
3.005924 -1.141346 
1.816004 0.405073 
2.132437 0.952990 
4.995461 0.759989 
3.360397 0.110809 
0.129254 0.139822 
3.730924 -0.400149 
4.438386 0.369776 
2.949033 -0.266473 
2.662403 0.902115 
2.300530 -0.021016 
3.104300 0.935197 
3.191292 -1.282514 
2.541981 -1.126573 
4.654472 -1.250801 
1.619846 0.983066 
4.335550 0.396865 
4.822068 -2.465369 
2.208808 -1.776881 
3.570013 -1.375902 
2.867249 -0.552206 
3.174833 0.490969 
3.361013 0.125781 
1.857921 -0.414726 
3.833350 -0.184815 
1.772845 1.590486 
3.692600 0.807225 
3.163316 0.063659 
1.836883 -0.547971 
2.403994 -0.180741 
1.759050 1.208832 
2.059125 1.369642 
2.401115 0.350457 
2.649396 -0.054759 
2.618784 0.244308 
2.175426 1.412267 
2.875407 0.516535 
2.450080 -0.292693 
3.738300 -0.123523 
2.238477 -0.567994 
2.821851 -0.066284 
-0.463978 -0.550833 
3.660376 0.867359 
4.409169 1.116076 
3.125279 1.097211 
4.035888 -2.156858 
2.775835 -0.493964 
3.124425 0.073024 
3.497107 0.566945 
2.668177 1.191527 
2.717613 -1.154856 
3.019474 1.039849 
2.758363 0.396102 
1.161327 0.789276 
4.046546 0.692307 
4.494615 -0.555505 
2.898144 -0.658013 
4.272892 -0.366795 
2.820631 -0.473270 
1.268809 1.565096 
2.893143 -1.004490 
3.027025 0.185935 
2.071026 -1.062075 
3.570109 0.935212 
4.261854 -0.045383 
2.502849 -0.537389 
2.434828 1.580215 
3.426167 0.214905 
3.319065 2.501351 
1.583764 -0.342023 
2.161742 -0.622708 
3.154036 -0.966219 
3.602466 0.674822 
2.813851 -2.281231 
1.723195 -0.313115 
1.933381 1.576845 
2.098689 -1.320183 
3.809341 -1.403852 
3.309919 -0.032371 
1.554392 -1.991701 
3.587051 0.865266 
3.112651 -0.283488 
3.008524 -0.269748 
2.820160 1.206618 
2.577218 0.356542 
0.828920 0.306952 
3.655299 0.081340 
2.728112 -0.558679 
3.244589 -1.272984 
2.720401 -1.504797 
3.848130 -0.314089 
2.560507 -1.212073 
3.493148 -0.306882 
4.383696 -0.055392 
2.869725 0.054088 
2.772990 -1.115596 
3.486322 0.144784 
3.516409 0.011787 
2.987409 0.789570 
3.869692 -1.967534 
2.690346 0.484362 
3.473586 0.107765 
0.216480 -0.226050 
0.685820 -0.670255 
4.087609 -0.731619 
4.037555 -0.923284 
3.720316 0.501924 
2.828597 0.851953 
1.293950 0.563536 
2.141544 1.287259 
3.130544 1.311615 
4.103872 -0.003021 
2.409415 -0.643684 
3.414463 0.038561 
2.686391 0.565363 
2.740885 -0.141484 
1.526360 0.003570 
2.118951 -0.740311 
3.246382 0.636086 
2.903169 0.061917 
0.500253 -0.827041 
4.248118 0.130086 
2.802189 1.766932 
3.957868 0.335195 
4.142270 -0.516546 
3.861084 -1.067519 
0.697577 -2.725923 
2.802667 1.170964 
3.869627 -1.810728 
2.490687 -0.453041 
4.161335 -0.385540 
3.130755 0.470650 
3.310615 0.812594 
4.064038 1.149519 
2.997673 -0.327789 
3.439825 0.543139 
3.158087 -1.271903 
2.178397 0.248873 
2.688051 0.988091 
2.256424 -0.484533 
3.361941 1.148741 
3.069727 -0.210554 
2.263223 0.749167 
2.317664 0.244519 
0.777065 -0.881240 
4.033329 -0.655072 
3.791226 -1.151815 
3.017631 0.068411 
4.050103 0.939264 
1.126525 -0.552046 
1.186967 0.783432 
1.781424 -0.516850 
3.561901 -2.011858 
2.710853 0.641653 
4.767606 0.337026 
2.850739 -0.241222 
1.747046 2.065601 
3.079866 2.027819 
4.744007 -0.566670 
3.425835 -0.293024 
3.017015 -0.536871 
2.872240 -0.674758 
2.823399 -0.449825 
3.848225 -0.185619 
2.955274 1.005296 
1.303817 1.542835 
3.783140 -0.589501 
5.216089 0.207653 
3.310898 0.949623 
3.547903 0.848948 
3.710829 1.044858 
4.268944 -1.175313 
2.828715 -1.432366 
2.844721 0.854909 
3.517104 -0.402030 
2.001749 0.625376 
1.873374 0.719913 
1.537075 -0.959512 
3.524538 -1.904701 
1.893770 -0.474292 
0.616238 -0.635277 
0.974281 -0.772429 
3.165983 -0.892580 
2.370385 1.694761 
3.154177 -1.576327 
3.582551 0.058011 
1.232699 2.654753 
3.136882 0.116149 
2.374673 -0.275740 
2.020606 0.495486 
2.838235 1.789834 
4.144933 1.786573 
1.925418 0.978670 
1.862281 0.092873 
3.442165 0.381105 
3.748225 0.203829 
2.492317 1.722795 
3.044258 -1.361511 
4.272318 -0.653506 
3.266590 1.912005 
2.989814 -0.143307 
3.910923 1.308784 
2.355039 1.136967 
2.105976 -1.079288 
3.161825 2.282478 
3.963402 -1.039477 
2.651478 1.057959 
3.738032 -0.288836 
2.487834 -2.309935 
1.172255 -0.450086 
2.843581 1.080561 
2.878401 0.038317 
3.272441 -0.686787 
2.993204 0.582149 
4.022717 -2.341362 
2.171510 0.271571 
1.983621 0.222348 
2.582373 -0.741466 
2.657129 -0.580473 
2.877178 -0.868711 
5.057045 0.597032 
4.186829 1.259238 
2.074409 -1.858482 
2.824215 0.503043 
4.775114 0.573766 
3.567097 -1.225431 
1.986556 -0.236244 
3.069276 1.380752 
3.836152 -0.318791 
2.405343 0.025749 
